-----------------------utilize_mean_across_time--------------------------
warehouse0:0.9994753887976369,0.6510831706121547
warehouse1:0.9999913287404207,0.8173296017241949
warehouse2:0.9994883956869528,0.7121483494657616
warehouse3:0.9995187450953713,0.7430529086126657
warehouse4:1.0002124458587922,1.0006504211445006
warehouse5:1.0013136958209101,1.0757355540668407
-----------------------warehouse_load------------------------------
warehouse0:230526.00000000856,25027863.394841332
warehouse1:230644.99999999182,31418433.994047612
warehouse2:230529.00000000861,27375230.09623015
warehouse3:230536.0000000121,28563212.092261903
warehouse4:230695.99999999284,38465350.01488099
warehouse5:230950.00000000544,41351648.624007955
average_warehouse_load:230647.00000000323,32033623.036044985
-----------------------violation_count_warehouse--------------------------
0,51,12,0,1017,1768
average_violation_count_warehouse:474.6666666666667
--------------------------max_violation_duration-------------------------
0,4,5,0,66,220
average_max_violation_duration:49.166666666666664
--------------------------all_violation_durations-------------------------
warehouse0:[]
warehouse1:[2, 1, 1, 3, 4, 1, 3, 1, 4, 3, 4, 3, 4, 3, 4, 2, 1, 4, 3]
warehouse2:[2, 1, 1, 1, 5, 1, 1]
warehouse3:[]
warehouse4:[4, 2, 1, 1, 4, 1, 2, 1, 1, 1, 2, 2, 5, 2, 2, 2, 3, 1, 2, 3, 4, 2, 3, 4, 2, 9, 8, 8, 1, 1, 1, 1, 2, 1, 4, 1, 1, 2, 2, 2, 8, 1, 2, 1, 1, 11, 1, 3, 1, 1, 4, 1, 2, 2, 1, 1, 2, 2, 1, 1, 2, 1, 1, 2, 6, 1, 5, 7, 1, 11, 1, 12, 9, 41, 7, 1, 1, 1, 1, 2, 2, 4, 1, 2, 2, 10, 1, 3, 1, 1, 12, 1, 1, 1, 2, 5, 5, 1, 3, 2, 5, 1, 19, 14, 5, 66, 10, 17, 3, 2, 1, 1, 2, 1, 1, 2, 1, 2, 6, 1, 3, 2, 1, 2, 2, 4, 2, 6, 1, 1, 1, 2, 1, 2, 1, 1, 1, 1, 1, 1, 5, 1, 2, 2, 1, 3, 3, 4, 1, 1, 1, 2, 3, 1, 1, 3, 1, 1, 4, 9, 4, 1, 2, 3, 1, 1, 1, 1, 3, 1, 7, 3, 5, 2, 1, 4, 6, 6, 4, 2, 5, 1, 1, 1, 1, 1, 1, 1, 1, 1, 4, 9, 1, 1, 2, 2, 1, 4, 4, 5, 2, 1, 1, 1, 1, 1, 1, 1, 2, 1, 35, 7, 3, 3, 1, 5, 5, 1, 1, 4, 1, 3, 6, 1, 1, 4, 2, 2, 4, 1, 1, 3, 1, 1, 1, 1, 1, 1, 2, 1, 1, 8, 8, 2, 1, 2, 2, 1, 3, 14, 3, 9, 2, 1, 1, 3, 2, 2, 1, 2, 2, 11, 7, 1, 1, 1, 1, 26, 8, 1, 2, 7, 2, 1, 2, 2, 2, 2, 1, 1, 1, 1, 2, 4, 1, 1, 3, 4, 3, 7, 1, 1, 1, 2, 17, 3, 4, 2, 3, 4, 1, 1, 1, 1, 2, 5, 3, 1, 1, 1]
warehouse5:[1, 2, 3, 1, 3, 1, 3, 4, 1, 1, 6, 103, 7, 63, 23, 4, 1, 4, 2, 2, 1, 1, 2, 3, 2, 1, 1, 1, 1, 2, 2, 18, 2, 55, 127, 1, 7, 2, 1, 5, 2, 2, 4, 4, 1, 7, 1, 4, 31, 5, 179, 3, 5, 10, 5, 14, 6, 11, 137, 117, 18, 220, 2, 1, 2, 6, 1, 8, 3, 1, 2, 1, 11, 5, 8, 1, 2, 7, 23, 133, 27, 18, 1, 5, 1, 1, 4, 1, 2, 1, 3, 4, 6, 2, 2, 3, 4, 2, 1, 8, 28, 4, 3, 1, 42, 121]
--------------------------load_imbalance_across_warehouses-------------------------
capacity:0.0006505852895173147
bandwidth:0.1939226908472013
--------------------------imbalance_across_timewindow-------------------------
5min:0.05862483187761305
30min:0.04375839203320498
1h:0.03929550726979256
3h:0.03184602536584842
4h:0.029878941842327908
6h:0.02767619807528015
8h:0.027857004943500185
-----------------------utilize_mean----------------------------------
average_utilize_mean:1.000000000000014,0.8333333342710197
