-----------------------utilize_mean_on_time--------------------------
warehouse0:0.5492000000000098,0.5879990925925915
warehouse1:0.7269999999999185,0.6459898258101836
warehouse2:0.6931999999999542,0.7325992332175927
warehouse3:0.5853750000000033,0.6595005466524213
warehouse4:0.6764999999998929,0.671021323896012
warehouse5:0.7996499999999421,0.22388752359330508
warehouse6:0.4740000000000681,0.5194630060579187
warehouse7:0.40833333333330923,0.7414445527974787
warehouse8:0.5469999999999634,1.0615761204688734
-----------------------utilize_mean----------------------------------
average_utilize_mean:0.6066953703703402,0.6492756916762641
-----------------------warehouse_load------------------------------
warehouse0:27460.00000000049,117599.81851851831
warehouse1:36349.999999995925,129197.96516203672
warehouse2:34659.99999999771,146519.84664351854
warehouse3:46830.00000000026,171470.14212962953
warehouse4:54119.99999999143,174465.5442129631
warehouse5:15992.999999998843,58210.75613425932
warehouse6:9480.000000001362,48829.52256944436
warehouse7:24499.999999998556,69695.78796296299
warehouse8:21879.999999998538,99788.1553240741
average_warehouse_load:30141.44444444256,112864.1709619341
-----------------------violation_count_warehouse--------------------------
2,4,838,6,29,0,0,322,5068
average_violation_count_warehouse:696.5555555555555
--------------------------max_violation_duration-------------------------
2,1,146,1,3,0,0,23,215
average_max_violation_duration:43.44444444444444
--------------------------all_violation_durations-------------------------
warehouse0:[2]
warehouse1:[1, 1, 1, 1]
warehouse2:[1, 1, 1, 2, 1, 1, 2, 1, 1, 1, 1, 2, 1, 1, 1, 2, 1, 1, 1, 2, 2, 1, 1, 1, 1, 2, 4, 4, 3, 1, 2, 1, 1, 3, 1, 1, 3, 1, 1, 1, 1, 1, 1, 2, 5, 7, 4, 10, 4, 2, 1, 13, 2, 1, 25, 1, 1, 1, 2, 1, 12, 2, 30, 55, 1, 3, 3, 1, 1, 2, 4, 47, 5, 5, 9, 25, 1, 146, 23, 10, 10, 88, 3, 2, 1, 1, 2, 1, 1, 1, 4, 1, 3, 1, 5, 1, 1, 2, 3, 1, 1, 32, 2, 13, 18, 1, 1, 2, 3, 1, 1, 6, 8, 87]
warehouse3:[1, 1, 1, 1, 1, 1]
warehouse4:[1, 1, 2, 1, 1, 1, 2, 1, 1, 1, 1, 2, 3, 3, 1, 2, 1, 1, 1, 1, 1]
warehouse5:[]
warehouse6:[]
warehouse7:[3, 1, 1, 3, 6, 2, 9, 4, 10, 1, 1, 4, 1, 5, 1, 9, 14, 1, 1, 1, 1, 1, 1, 2, 1, 1, 1, 5, 3, 4, 5, 1, 23, 3, 2, 1, 1, 1, 2, 1, 1, 1, 1, 1, 6, 1, 1, 1, 2, 1, 2, 1, 2, 1, 1, 1, 1, 1, 1, 1, 1, 6, 1, 1, 1, 1, 1, 1, 1, 1, 1, 1, 1, 2, 1, 1, 1, 3, 5, 1, 2, 5, 2, 1, 2, 1, 2, 3, 2, 4, 2, 1, 2, 1, 3, 1, 11, 8, 8, 1, 2, 2, 1, 1, 1, 1, 1, 1, 2, 1, 1, 1, 1, 1, 1, 1, 1, 1, 1, 2, 1, 1, 1, 1, 1, 1, 2, 1, 1, 1, 1, 1, 1, 1, 2, 1, 1, 1, 1, 1, 1, 1, 1, 1, 1, 1, 1, 4, 1, 1, 1, 1, 1]
warehouse8:[4, 2, 7, 14, 2, 5, 2, 1, 41, 5, 2, 1, 1, 2, 6, 1, 44, 1, 1, 2, 6, 5, 7, 175, 1, 2, 1, 2, 1, 4, 1, 2, 1, 7, 3, 1, 1, 2, 6, 188, 1, 5, 1, 2, 6, 3, 7, 13, 163, 15, 3, 2, 2, 2, 215, 1, 1, 4, 12, 5, 3, 3, 170, 2, 18, 3, 188, 4, 2, 2, 3, 4, 3, 2, 5, 198, 1, 196, 1, 1, 2, 146, 1, 146, 145, 2, 3, 156, 12, 3, 13, 2, 3, 149, 1, 7, 1, 4, 156, 1, 148, 148, 190, 1, 1, 157, 1, 9, 1, 1, 152, 1, 1, 1, 155, 1, 152, 4, 3, 1, 1, 2, 1, 1, 147, 1, 1, 3, 1, 104, 44, 7, 1, 1, 159, 5, 1, 1, 151, 2, 1, 1, 1, 1, 158, 1, 1, 1, 1, 1, 10, 2, 158, 1, 1, 1, 1, 62, 10, 11, 1, 31, 1, 1, 26, 36, 1]
--------------------------warehouse_load_imb-------------------------
capacity:0.19682884656750707
bandwidth:0.3408948406699282
--------------------------imbalance_on_timewindow-------------------------
,0.20705800065107668,0.17010146254677067,0.213246984407857,0.17293691778729434,0.2514941915845631,0.2525623907552324,0.15451832445693992,0.11504558834226693,0.1890152099528916
average_imbalance_on_timewindow:0.19177545227609918
