-----------------------utilize_mean_on_time--------------------------
warehouse0:0.645799999999985,0.678824902777774
warehouse1:0.8000000000001184,0.6199524097222208
warehouse2:0.7812000000000947,0.814777157407409
warehouse3:0.3176250000000052,0.6594269057158119
warehouse4:0.49087499999998113,0.518807619301995
warehouse5:0.8000000000001184,0.29241802617521323
warehouse6:0.8000000000001184,0.5884218922379836
warehouse7:0.47683333333326716,0.7792926689322307
warehouse8:0.8000000000001184,0.7387522434003171
-----------------------utilize_mean----------------------------------
average_utilize_mean:0.6569259259259785,0.6322970917412172
-----------------------warehouse_load------------------------------
warehouse0:32289.999999999254,135764.9805555548
warehouse1:40000.00000000592,123990.48194444415
warehouse2:39060.00000000474,162955.4314814818
warehouse3:25410.00000000042,171450.9954861111
warehouse4:39269.999999998494,134889.9810185187
warehouse5:16000.000000002368,76028.68680555544
warehouse6:16000.000000002368,55311.65787037046
warehouse7:28609.99999999603,73253.51087962968
warehouse8:32000.000000004737,69442.71087962981
average_warehouse_load:29848.88888889048,111454.27076903288
-----------------------violation_count_warehouse--------------------------
1,3,938,6,0,0,75,863,242
average_violation_count_warehouse:236.44444444444446
--------------------------max_violation_duration-------------------------
1,1,150,3,0,0,7,125,12
average_max_violation_duration:33.22222222222222
--------------------------all_violation_durations-------------------------
warehouse0:[1]
warehouse1:[1, 1, 1]
warehouse2:[1, 2, 13, 2, 1, 47, 1, 1, 83, 52, 1, 24, 2, 2, 2, 19, 71, 11, 5, 3, 1, 150, 2, 1, 1, 1, 143, 1, 2, 1, 1, 2, 1, 1, 1, 3, 1, 6, 11, 2, 1, 3, 2, 1, 2, 2, 1, 1, 1, 1, 1, 1, 1, 1, 1, 6, 1, 1, 1, 7, 6, 1, 1, 1, 1, 3, 1, 1, 1, 1, 1, 1, 2, 1, 1, 1, 1, 1, 1, 4, 6, 17, 1, 4, 1, 2, 1, 1, 1, 1, 1, 1, 2, 14, 1, 1, 2, 2, 1, 1, 3, 17, 1, 5, 6, 3, 1, 1, 1, 2, 1, 1, 1, 1, 2, 1, 1, 2, 1, 1, 1, 1, 6, 1, 1, 1, 1, 1, 1, 1, 3, 1, 2, 1, 2, 1, 2, 1, 2, 1, 13, 2, 1, 1, 1, 1, 1, 2, 1, 1, 1, 1, 1, 1, 1, 1, 1, 1, 1, 1, 1, 1, 6, 1, 8, 1]
warehouse3:[1, 2, 3]
warehouse4:[]
warehouse5:[]
warehouse6:[1, 1, 1, 1, 3, 6, 1, 1, 1, 1, 1, 1, 1, 7, 2, 7, 1, 1, 1, 1, 1, 2, 2, 1, 1, 2, 6, 5, 1, 3, 1, 4, 1, 1, 2, 1, 1]
warehouse7:[1, 1, 1, 1, 7, 1, 21, 1, 1, 2, 4, 1, 1, 1, 2, 2, 1, 1, 4, 1, 1, 1, 3, 2, 1, 9, 1, 1, 1, 2, 1, 4, 1, 1, 1, 1, 1, 1, 1, 6, 1, 1, 2, 2, 1, 1, 1, 1, 3, 1, 1, 1, 1, 2, 2, 1, 1, 1, 10, 1, 125, 1, 1, 1, 1, 1, 2, 1, 1, 1, 5, 1, 1, 2, 1, 1, 1, 1, 45, 2, 2, 2, 1, 3, 3, 1, 5, 2, 5, 2, 1, 2, 1, 1, 4, 1, 1, 3, 2, 2, 3, 2, 1, 3, 1, 3, 1, 7, 1, 1, 2, 1, 1, 1, 7, 2, 2, 4, 13, 1, 3, 2, 1, 1, 1, 1, 9, 1, 1, 1, 4, 1, 1, 1, 3, 1, 2, 2, 3, 6, 1, 1, 1, 9, 1, 2, 3, 1, 3, 1, 2, 18, 24, 9, 1, 1, 1, 1, 1, 3, 10, 1, 1, 1, 1, 1, 1, 3, 1, 3, 12, 1, 8, 41, 1, 1, 4, 1, 1, 2, 6, 1, 1, 1, 36, 2, 1, 1, 1, 2, 1, 4, 1, 1, 1, 1, 2, 1, 1, 2, 6, 1, 3, 1, 2, 3, 2, 3, 2, 3, 1, 1, 2, 11, 1, 26, 7, 3, 8, 2, 1, 2, 2, 3, 1, 2, 1, 1, 1, 3, 1, 1, 2, 4, 1, 1, 1, 1, 2, 1, 2, 1, 1, 1, 2, 3, 1, 4, 4, 2, 1, 2, 2]
warehouse8:[4, 1, 1, 2, 2, 1, 1, 1, 2, 1, 1, 1, 1, 1, 1, 2, 1, 1, 1, 1, 1, 1, 1, 1, 1, 1, 1, 1, 1, 1, 2, 1, 1, 1, 1, 1, 1, 1, 2, 2, 1, 1, 2, 1, 1, 1, 1, 1, 1, 1, 1, 1, 5, 4, 9, 12, 5, 7, 1, 1, 3, 1, 2, 5, 2, 2, 3, 2, 3, 1, 1, 4, 2, 1, 1, 1, 1, 1, 1, 2, 1, 1, 1, 1, 1, 1, 1, 1, 1, 1, 1, 1, 1, 1, 1, 1, 1, 1, 1, 2, 4, 1, 2, 1, 1, 1, 5, 1, 1, 2, 1, 1, 1, 1, 1, 2, 1, 1, 5, 1, 1, 2, 2, 3, 1, 1, 2, 1, 2, 2, 1, 1, 3, 1, 1, 3, 12, 2]
--------------------------warehouse_load_imb-------------------------
capacity:0.2649166831254999
bandwidth:0.26598568371600695
--------------------------imbalance_on_timewindow-------------------------
0.12028439296235675,0.16745465377619076,0.16547126001105186,0.1932409220476123,0.2229594540377855,0.16830867480241551,0.25225302547574696,0.1684624438552267,0.13100056265563284
average_imbalance_on_timewindow:0.17660393218044657
