-----------------------utilize_mean_on_time--------------------------
warehouse0:0.5868028846153783,0.5927065242484257
warehouse1:0.6615576923077078,0.6005438897044838
warehouse2:0.680192307692319,0.5582021970925344
warehouse3:0.30763461538462133,0.6019916701036954
warehouse4:0.9497980769231039,0.7570994649371449
warehouse5:0.6347163461538511,0.5893757047884571
warehouse6:0.35701923076922776,0.5734165774123721
warehouse7:0.9705769230769736,0.612789429237178
warehouse8:1.0,0.5256613865338379
-----------------------utilize_mean----------------------------------
average_utilize_mean:0.6831442307692425,0.6013096493397923
-----------------------warehouse_load------------------------------
warehouse0:122054.99999999869,152704104.01190448
warehouse1:137604.00000000323,154723312.204861
warehouse2:141480.00000000236,143814456.0203369
warehouse3:63988.00000000124,124077053.10466248
warehouse4:197558.00000000562,156046462.40426612
warehouse5:132021.00000000102,91107573.72569458
warehouse6:74259.99999999937,59093707.321924575
warehouse7:201880.0000000105,189453883.65674597
warehouse8:208000.0,189602960.08978108
average_warehouse_load:142094.00000000244,140069279.17113078
-----------------------violation_count_warehouse--------------------------
83,83,83,83,83,83,83,83,2016
average_violation_count_warehouse:297.77777777777777
--------------------------max_violation_duration-------------------------
3,3,3,3,3,3,3,3,2016
average_max_violation_duration:226.66666666666666
--------------------------all_violation_durations-------------------------
warehouse0:[1, 2, 1, 3, 2, 2, 3, 1, 2, 1, 1, 1, 1, 2, 2, 1, 1, 1, 1, 1, 1, 1, 2, 1, 1, 1, 1, 1, 2, 1, 1, 1, 2, 1, 1, 2, 1, 2, 1, 2, 1, 1, 1, 1, 1, 1, 1, 2, 1, 1, 1, 1, 1, 1, 1, 1, 1, 1, 1, 1, 1, 1, 1, 2, 1]
warehouse1:[2, 3, 2, 1, 1, 3, 1, 2, 1, 1, 1, 1, 1, 1, 1, 1, 1, 1, 1, 1, 1, 1, 1, 1, 1, 1, 2, 1, 1, 1, 1, 1, 1, 1, 1, 1, 1, 1, 1, 1, 1, 1, 1, 1, 1, 2, 1, 1, 1, 1, 1, 1, 1, 2, 1, 1, 1, 1, 1, 1, 1, 2, 1, 1, 1, 1, 2, 2, 1, 1]
warehouse2:[1, 2, 1, 2, 1, 1, 1, 2, 1, 1, 1, 1, 1, 1, 1, 1, 1, 1, 1, 2, 1, 1, 1, 2, 1, 1, 1, 1, 1, 1, 1, 1, 2, 1, 1, 2, 1, 1, 2, 1, 1, 1, 1, 1, 2, 2, 1, 1, 2, 1, 2, 1, 1, 2, 1, 1, 2, 1, 1, 1, 1, 2, 2, 1, 3]
warehouse3:[2, 2, 1, 2, 3, 2, 1, 1, 2, 2, 2, 2, 2, 2, 1, 1, 1, 1, 1, 1, 1, 1, 3, 1, 1, 1, 1, 1, 1, 1, 1, 2, 1, 1, 1, 1, 1, 1, 2, 1, 1, 2, 1, 1, 1, 1, 1, 1, 1, 1, 2, 1, 1, 2, 1, 1, 1, 1, 2, 1, 3]
warehouse4:[2, 1, 1, 2, 1, 1, 1, 2, 1, 1, 1, 1, 3, 2, 1, 1, 2, 2, 3, 1, 1, 2, 1, 3, 1, 1, 1, 1, 1, 1, 2, 1, 2, 2, 2, 1, 1, 2, 2, 1, 1, 2, 1, 3, 1, 1, 3, 2, 1, 1, 2, 1, 1, 1, 2, 1]
warehouse5:[1, 2, 2, 2, 1, 2, 1, 1, 1, 1, 1, 2, 2, 1, 1, 1, 1, 1, 1, 1, 2, 2, 1, 1, 1, 1, 2, 1, 1, 1, 1, 1, 1, 1, 1, 1, 1, 1, 2, 2, 1, 1, 2, 1, 2, 1, 1, 1, 1, 2, 1, 1, 1, 1, 1, 1, 1, 3, 1, 1, 1, 3, 3]
warehouse6:[1, 1, 2, 3, 1, 3, 1, 1, 2, 2, 3, 1, 3, 1, 1, 1, 2, 1, 2, 1, 1, 1, 3, 1, 1, 1, 1, 2, 3, 2, 3, 2, 1, 1, 1, 2, 1, 2, 1, 3, 1, 1, 1, 1, 2, 1, 1, 2, 1, 1, 1, 2, 1, 1]
warehouse7:[2, 1, 2, 1, 1, 1, 2, 2, 1, 1, 1, 2, 2, 1, 1, 2, 2, 2, 2, 1, 2, 1, 1, 1, 2, 1, 1, 2, 1, 1, 1, 2, 1, 1, 1, 2, 1, 1, 1, 1, 1, 1, 2, 2, 2, 3, 1, 2, 1, 1, 2, 1, 1, 1, 1, 1, 2, 3]
warehouse8:[2016]
--------------------------warehouse_load_imb-------------------------
capacity:0.3496817188238238
bandwidth:0.1591110740752603
--------------------------imbalance_on_timewindow-------------------------
5min:0.31048076918282674
30min:0.23537720142726765
1h:0.12283204760487208
3h:0.09767957368808726
4h:0.08293577267333747
6h:0.0832007199854568
8h:0.0679896885117735
