-----------------------utilize_mean_on_time--------------------------
warehouse0:0.2765999999999911,0.6043487622883592
warehouse1:0.40802857142855964,0.661503759477513
warehouse2:0.7163257142856964,0.7182563915432111
warehouse3:0.06430000000000208,0.4380454864824252
warehouse4:0.24943999999999553,0.4891783730527202
warehouse5:0.8579380000000374,0.8234571829001336
warehouse6:0.9999971428571708,0.5017205101124336
warehouse7:0.13951200000000008,0.6812274234285707
warehouse8:0.9999771428571786,0.7293609402050264
-----------------------utilize_mean----------------------------------
average_utilize_mean:0.5235687301587368,0.6274554254989325
-----------------------warehouse_load------------------------------
warehouse0:96809.99999999687,135978471.51488084
warehouse1:142809.99999999587,148838345.88244045
warehouse2:250713.9999999937,161607688.0972225
warehouse3:32150.00000000104,153315920.2688488
warehouse4:62359.99999999888,171212430.5684521
warehouse5:428969.0000000187,123518577.43502004
warehouse6:349999.0000000098,75258076.51686503
warehouse7:104634.00000000006,170306855.85714266
warehouse8:349992.0000000125,109404141.03075396
average_warehouse_load:202048.6666666697,138826723.01906958
-----------------------violation_count_warehouse--------------------------
29,26,75,42,30,131,0,73,0
average_violation_count_warehouse:45.111111111111114
--------------------------max_violation_duration-------------------------
2,2,4,2,2,9,0,3,0
average_max_violation_duration:2.6666666666666665
--------------------------all_violation_durations-------------------------
warehouse0:[2, 1, 2, 1, 1, 1, 1, 1, 2, 2, 1, 1, 1, 1, 1, 2, 1, 1, 2, 1, 1, 2]
warehouse1:[1, 1, 1, 2, 1, 1, 1, 1, 2, 1, 1, 1, 1, 2, 1, 1, 1, 1, 1, 2, 2]
warehouse2:[1, 1, 1, 2, 1, 1, 2, 1, 1, 2, 1, 3, 2, 3, 1, 1, 1, 2, 1, 1, 1, 2, 2, 1, 1, 2, 1, 2, 1, 1, 2, 1, 1, 1, 2, 1, 2, 1, 2, 1, 1, 1, 2, 1, 2, 1, 1, 4, 3, 2]
warehouse3:[1, 1, 1, 1, 1, 1, 1, 1, 1, 1, 1, 1, 1, 1, 2, 1, 1, 1, 1, 1, 1, 2, 1, 1, 1, 1, 2, 1, 1, 1, 1, 1, 2, 1, 1, 1, 1, 1]
warehouse4:[2, 1, 1, 1, 1, 1, 1, 1, 1, 1, 1, 1, 1, 2, 1, 1, 1, 1, 1, 1, 1, 1, 1, 1, 1, 1, 1, 1]
warehouse5:[1, 1, 1, 1, 3, 1, 1, 1, 1, 1, 2, 2, 1, 2, 1, 1, 2, 1, 3, 1, 1, 1, 1, 2, 1, 1, 1, 2, 1, 1, 2, 1, 1, 1, 1, 3, 9, 1, 1, 1, 2, 1, 4, 1, 4, 2, 4, 1, 1, 1, 1, 1, 1, 1, 1, 1, 1, 2, 1, 3, 1, 1, 1, 1, 1, 4, 1, 3, 2, 2, 7, 2, 2, 4, 4]
warehouse6:[]
warehouse7:[2, 1, 2, 1, 1, 1, 1, 1, 1, 1, 1, 1, 1, 1, 1, 1, 1, 1, 1, 2, 1, 1, 1, 1, 1, 1, 2, 2, 3, 1, 1, 1, 1, 1, 1, 2, 1, 1, 1, 1, 1, 1, 1, 1, 1, 2, 2, 1, 1, 1, 1, 1, 1, 1, 1, 1, 1, 2, 2, 2]
warehouse8:[]
--------------------------warehouse_load_imb-------------------------
capacity:0.6710079754378602
bandwidth:0.23015962837950715
--------------------------imbalance_on_timewindow-------------------------
5min:0.24083345394626923
30min:0.19409332069965413
1h:0.12252677879282804
3h:0.11024106964451601
4h:0.1048924160089294
6h:0.09615689993971113
8h:0.10114451382310663
