-----------------------utilize_mean_across_time--------------------------
warehouse0:0.9997875541412077,0.9452296139389478
warehouse1:0.9995014025762421,0.9588418844796636
warehouse2:0.9999696505915814,0.7478964663141753
warehouse3:0.9999262942938466,0.7414319758134509
warehouse4:0.999982657480869,0.7815553681501378
warehouse5:1.0008324409161697,0.8250446969297428
-----------------------warehouse_load------------------------------
warehouse0:230598.00000000713,36334954.92162696
warehouse1:230532.0000000025,36858215.33283731
warehouse2:230639.99999999648,28749400.13392859
warehouse3:230629.99999999284,28500902.872023847
warehouse4:230642.99999999,30043260.02033727
warehouse5:230838.9999999918,31715004.935515966
average_warehouse_load:230646.99999999683,32033623.03604499
-----------------------violation_count_warehouse--------------------------
256,338,20,0,28,151
average_violation_count_warehouse:132.16666666666666
--------------------------max_violation_duration-------------------------
8,20,3,0,4,20
average_max_violation_duration:9.166666666666666
--------------------------all_violation_durations-------------------------
warehouse0:[1, 1, 1, 1, 2, 2, 1, 1, 1, 1, 1, 2, 1, 1, 3, 1, 1, 2, 1, 1, 1, 1, 2, 2, 1, 1, 2, 1, 1, 1, 1, 1, 4, 1, 1, 1, 1, 1, 1, 1, 2, 1, 1, 1, 2, 1, 1, 2, 1, 1, 1, 2, 1, 1, 2, 1, 1, 1, 1, 6, 1, 1, 5, 1, 1, 1, 5, 1, 1, 1, 2, 1, 1, 1, 1, 1, 5, 5, 1, 1, 8, 1, 4, 3, 2, 3, 1, 2, 1, 1, 2, 7, 1, 2, 1, 1, 2, 2, 1, 2, 1, 1, 5, 1, 2, 5, 5, 4, 7, 5, 1, 7, 1, 1, 2, 1, 2, 1, 3, 5, 1, 4, 1, 1, 1, 1, 1, 1, 1, 1, 1, 2, 1, 1, 1, 1, 1, 1, 2, 1, 1, 1, 1, 2]
warehouse1:[1, 1, 2, 1, 1, 1, 1, 1, 3, 1, 5, 1, 1, 1, 1, 2, 1, 1, 1, 2, 2, 6, 2, 6, 2, 2, 1, 2, 1, 1, 1, 1, 1, 1, 1, 1, 1, 2, 1, 1, 7, 5, 3, 3, 3, 1, 1, 1, 1, 1, 2, 4, 1, 5, 1, 1, 1, 1, 2, 1, 2, 3, 3, 8, 1, 3, 4, 1, 5, 11, 20, 5, 1, 2, 10, 1, 1, 2, 2, 2, 8, 4, 5, 3, 3, 6, 4, 1, 2, 3, 2, 3, 1, 1, 1, 2, 1, 1, 1, 2, 1, 1, 1, 1, 1, 1, 1, 1, 2, 1, 1, 1, 1, 1, 1, 1, 2, 1, 1, 5, 1, 1, 1, 4, 1, 2, 1, 2, 1, 2, 1, 1, 1, 1, 1, 1, 1, 1, 4, 1, 2, 1, 1, 1, 1, 2, 1, 1, 1, 1, 1, 2, 1, 2, 1, 1, 1, 1, 1, 2, 1, 1, 1, 1, 1, 1, 1]
warehouse2:[3, 3, 3, 3, 3, 2, 3]
warehouse3:[]
warehouse4:[2, 1, 1, 4, 4, 4, 4, 4, 4]
warehouse5:[6, 2, 1, 5, 3, 4, 1, 17, 1, 9, 20, 4, 1, 5, 2, 2, 14, 2, 10, 1, 7, 18, 1, 1, 1, 2, 2, 1, 5, 1, 1, 1]
--------------------------load_imbalance_across_warehouses-------------------------
capacity:0.0004068875548122182
bandwidth:0.12134121874084854
--------------------------imbalance_across_timewindow-------------------------
5min:0.05999231828802081
30min:0.04436581248561862
1h:0.04017306019687537
3h:0.03260799232715242
4h:0.029960346490120512
6h:0.028128071581178964
8h:0.025457303127272648
-----------------------utilize_mean----------------------------------
average_utilize_mean:0.9999999999999861,0.8333333342710195
